1.559999999999999998e-01
0.000000000000000000e+00
-5.000000000000000104e-03
-1.199999999999999956e-01
4.000000000000000083e-02
-1.110000000000000014e-01
9.700000000000000289e-02
8.300000000000000433e-02
2.100000000000000130e-02
2.800000000000000058e-02
5.999999999999999778e-02
-8.799999999999999489e-02
-1.150000000000000050e-01
-5.500000000000000028e-02
-3.799999999999999906e-02
-1.059999999999999970e-01
9.800000000000000377e-02
-2.599999999999999881e-02
5.299999999999999850e-02
4.000000000000000083e-03
1.000000000000000021e-03
-1.150000000000000050e-01
-1.370000000000000107e-01
-4.700000000000000011e-02
2.400000000000000050e-02
-5.899999999999999689e-02
5.899999999999999689e-02
-1.499999999999999944e-02
-2.199999999999999872e-02
1.610000000000000042e-01
1.189999999999999947e-01
-4.000000000000000083e-03
6.199999999999999956e-02
-6.199999999999999956e-02
3.699999999999999817e-02
9.800000000000000377e-02
-5.700000000000000205e-02
3.899999999999999994e-02
-1.310000000000000053e-01
6.500000000000000222e-02
8.200000000000000344e-02
9.199999999999999845e-02
7.000000000000000666e-02
1.400000000000000029e-02
-5.999999999999999778e-02
8.100000000000000255e-02
-5.600000000000000117e-02
-2.199999999999999872e-02
-3.500000000000000333e-02
-1.509999999999999953e-01
-1.219999999999999973e-01
-1.700000000000000122e-02
-1.270000000000000018e-01
-2.100000000000000130e-02
7.499999999999999722e-02
-7.399999999999999634e-02
-3.000000000000000062e-03
5.399999999999999939e-02
-9.199999999999999845e-02
1.150000000000000050e-01
9.199999999999999845e-02
1.059999999999999970e-01
1.200000000000000025e-02
9.800000000000000377e-02
-1.559999999999999998e-01
0.000000000000000000e+00
1.200000000000000025e-02
-9.800000000000000377e-02
9.199999999999999845e-02
-1.059999999999999970e-01
-9.199999999999999845e-02
-1.150000000000000050e-01
-3.000000000000000062e-03
-5.399999999999999939e-02
7.499999999999999722e-02
7.399999999999999634e-02
-1.270000000000000018e-01
2.100000000000000130e-02
-1.219999999999999973e-01
1.700000000000000122e-02
-3.500000000000000333e-02
1.509999999999999953e-01
-5.600000000000000117e-02
2.199999999999999872e-02
-5.999999999999999778e-02
-8.100000000000000255e-02
7.000000000000000666e-02
-1.400000000000000029e-02
8.200000000000000344e-02
-9.199999999999999845e-02
-1.310000000000000053e-01
-6.500000000000000222e-02
-5.700000000000000205e-02
-3.899999999999999994e-02
3.699999999999999817e-02
-9.800000000000000377e-02
6.199999999999999956e-02
6.199999999999999956e-02
1.189999999999999947e-01
4.000000000000000083e-03
-2.199999999999999872e-02
-1.610000000000000042e-01
5.899999999999999689e-02
1.499999999999999944e-02
2.400000000000000050e-02
5.899999999999999689e-02
-1.370000000000000107e-01
4.700000000000000011e-02
1.000000000000000021e-03
1.150000000000000050e-01
5.299999999999999850e-02
-4.000000000000000083e-03
9.800000000000000377e-02
2.599999999999999881e-02
-3.799999999999999906e-02
1.059999999999999970e-01
-1.150000000000000050e-01
5.500000000000000028e-02
5.999999999999999778e-02
8.799999999999999489e-02
2.100000000000000130e-02
-2.800000000000000058e-02
9.700000000000000289e-02
-8.300000000000000433e-02
4.000000000000000083e-02
1.110000000000000014e-01
-5.000000000000000104e-03
1.199999999999999956e-01
